<?xml version='1.0' encoding='utf-8'?>
<RGBD_CALIB>
    <RGBD_MAX>
        <Camera img_w="1408" img_h="1024" minus_inv_tx="0.012505754"/>
        <RGB_Camera img_w="1408" img_h="1024"/>
        <Left>
            <Intrins fx="986.95459" fy="986.99768" cx="719.70319" cy="502.43353" help="内参"/>
            <Distort k1="0.04985258" k2="-0.052591864" p1="-0.00012580318" p2="-0.00028342323" k3="-0.011588161" help="畸变系数"/>
        </Left>
        <Right>
            <Intrins fx="986.5235" fy="986.61951" cx="753.75793" cy="521.35681" help="内参"/>
            <Distort k1="0.052184686" k2="-0.055105761" p1="-7.7180721e-006" p2="-0.00017280789" k3="-0.0051548532" help="畸变系数"/>
        </Right>
        <Left_correct>
            <Intrins fx="998.8587" fy="998.8587" cx="735.51917" cy="512.15234" help="内参"/>
            <RotMat r00="0.99999601" r01="0.0016026127" r02="0.0023173944" r10="-0.0015971897" r11="0.99999601" r12="-0.0023400863" r20="-0.0023211353" r21="0.0023363756" r22="0.99999458" help="left to corrected left rotate mat"/>
            <ProjMat p00="998.8587" p01="0" p02="735.51917" p03="0" p10="0" p11="998.8587" p12="512.15234" p13="0" p20="0" p21="0" p22="1" p23="0" help="left to corrected left project mat"/>
        </Left_correct>
        <Right_correct>
            <Intrins fx="998.85864" fy="998.85864" cx="735.51917" cy="512.1524" help="内参"/>
            <RotMat r00="0.99999863" r01="-0.00038631272" r02="0.001576638" r10="0.00038262334" r11="0.99999714" r12="0.0023397196" r20="-0.0015775374" r21="-0.002339113" r22="0.99999607" help="left to corrected left rotate mat"/>
            <ProjMat p00="998.85864" p01="2.5608708e-007" p02="735.51917" p03="-79871.922" p10="1.6465775e-007" p11="998.85864" p12="512.1524" p13="-1.3166559e-005" p20="1.6162001e-010" p21="2.3684413e-010" p22="1" p23="-1.2923651e-008" help="left to corrected left project mat"/>
        </Right_correct>
        <Left2Right>
            <RotMat r00="0.99999774" r01="0.0019815466" r02="0.00073896698" r10="-0.001978067" r11="0.99998707" r12="-0.0046800752" r20="-0.00074823125" r21="0.0046786033" r22="0.99998879" help="左相机到右相机的旋转矩阵"/>
            <TVec t0="-79.963089" t1="0.030890808" t2="-0.126073" help="左相机到右相机的平移向量"/>
        </Left2Right>
        <RGB>
            <Intrins fx="980.99591" fy="981.04706" cx="732.17126" cy="557.26953" help="内参"/>
            <Distort k1="0.053724598" k2="-0.05894547" p1="-8.4856583e-005" p2="-0.00033493785" k3="-0.0033122867" help="畸变系数"/>
        </RGB>
        <RGB_correct>
            <Intrins fx="980.99591" fy="981.04706" cx="732.17126" cy="557.26953" help="内参"/>
        </RGB_correct>
        <Left_correct_2_RGB>
            <RotMat r00="0.99999231" r01="-0.0023069384" r02="-0.0031709014" r10="0.0023115557" r11="0.99999624" r12="0.0014532583" r20="0.003167537" r21="-0.0014605769" r22="0.99999392" help="左相机到右相机的旋转矩阵"/>
            <TVec t0="31.016033" t1="0.051244613" t2="0.24204338" help="左相机到右相机的平移向量"/>
        </Left_correct_2_RGB>
    </RGBD_MAX>
    <RGBD_1>
        <Camera img_w="704" img_h="512" minus_inv_tx="0.012505754"/>
        <RGB_Camera img_w="704" img_h="512"/>
        <Left>
            <Intrins fx="493.47729" fy="493.49884" cx="359.85159" cy="251.21677" help="内参"/>
            <Distort k1="0.04985258" k2="-0.052591864" p1="-0.00012580318" p2="-0.00028342323" k3="-0.011588161" help="畸变系数"/>
        </Left>
        <Right>
            <Intrins fx="493.26175" fy="493.30975" cx="376.87897" cy="260.67841" help="内参"/>
            <Distort k1="0.052184686" k2="-0.055105761" p1="-7.7180721e-006" p2="-0.00017280789" k3="-0.0051548532" help="畸变系数"/>
        </Right>
        <Left_correct>
            <Intrins fx="499.42935" fy="499.42935" cx="367.75958" cy="256.07617" help="内参"/>
            <RotMat r00="0.99999601" r01="0.0016026127" r02="0.0023173944" r10="-0.0015971897" r11="0.99999601" r12="-0.0023400863" r20="-0.0023211353" r21="0.0023363756" r22="0.99999458" help="left to corrected left rotate mat"/>
            <ProjMat p00="499.42935" p01="0" p02="367.75958" p03="0" p10="0" p11="499.42935" p12="256.07617" p13="0" p20="0" p21="0" p22="1" p23="0" help="left to corrected left project mat"/>
        </Left_correct>
        <Right_correct>
            <Intrins fx="499.42932" fy="499.42932" cx="367.75958" cy="256.0762" help="内参"/>
            <RotMat r00="0.99999863" r01="-0.00038631272" r02="0.001576638" r10="0.00038262334" r11="0.99999714" r12="0.0023397196" r20="-0.0015775374" r21="-0.002339113" r22="0.99999607" help="left to corrected left rotate mat"/>
            <ProjMat p00="499.42932" p01="1.2804354e-007" p02="367.75958" p03="-39935.961" p10="8.2328874e-008" p11="499.42932" p12="256.0762" p13="-6.5832796e-006" p20="8.0810005e-011" p21="1.1842206e-010" p22="1" p23="-6.4618253e-009" help="left to corrected left project mat"/>
        </Right_correct>
        <Left2Right>
            <RotMat r00="0.99999774" r01="0.0019815466" r02="0.00073896698" r10="-0.001978067" r11="0.99998707" r12="-0.0046800752" r20="-0.00074823125" r21="0.0046786033" r22="0.99998879" help="左相机到右相机的旋转矩阵"/>
            <TVec t0="-79.963089" t1="0.030890808" t2="-0.126073" help="左相机到右相机的平移向量"/>
        </Left2Right>
        <RGB>
            <Intrins fx="490.49796" fy="490.52353" cx="366.08563" cy="278.63477" help="内参"/>
            <Distort k1="0.053724598" k2="-0.05894547" p1="-8.4856583e-005" p2="-0.00033493785" k3="-0.0033122867" help="畸变系数"/>
        </RGB>
        <RGB_correct>
            <Intrins fx="490.49796" fy="490.52353" cx="366.08563" cy="278.63477" help="内参"/>
        </RGB_correct>
        <Left_correct_2_RGB>
            <RotMat r00="0.99999231" r01="-0.0023069384" r02="-0.0031709014" r10="0.0023115557" r11="0.99999624" r12="0.0014532583" r20="0.003167537" r21="-0.0014605769" r22="0.99999392" help="左相机到右相机的旋转矩阵"/>
            <TVec t0="31.016033" t1="0.051244613" t2="0.24204338" help="左相机到右相机的平移向量"/>
        </Left_correct_2_RGB>
    </RGBD_1>
    <RGBD_2>
        <Camera img_w="1408" img_h="1024" minus_inv_tx="0.012505754"/>
        <RGB_Camera img_w="1408" img_h="1024"/>
        <Left>
            <Intrins fx="986.95459" fy="986.99768" cx="719.70319" cy="502.43353" help="内参"/>
            <Distort k1="0.04985258" k2="-0.052591864" p1="-0.00012580318" p2="-0.00028342323" k3="-0.011588161" help="畸变系数"/>
        </Left>
        <Right>
            <Intrins fx="986.5235" fy="986.61951" cx="753.75793" cy="521.35681" help="内参"/>
            <Distort k1="0.052184686" k2="-0.055105761" p1="-7.7180721e-006" p2="-0.00017280789" k3="-0.0051548532" help="畸变系数"/>
        </Right>
        <Left_correct>
            <Intrins fx="998.8587" fy="998.8587" cx="735.51917" cy="512.15234" help="内参"/>
            <RotMat r00="0.99999601" r01="0.0016026127" r02="0.0023173944" r10="-0.0015971897" r11="0.99999601" r12="-0.0023400863" r20="-0.0023211353" r21="0.0023363756" r22="0.99999458" help="left to corrected left rotate mat"/>
            <ProjMat p00="998.8587" p01="0" p02="735.51917" p03="0" p10="0" p11="998.8587" p12="512.15234" p13="0" p20="0" p21="0" p22="1" p23="0" help="left to corrected left project mat"/>
        </Left_correct>
        <Right_correct>
            <Intrins fx="998.85864" fy="998.85864" cx="735.51917" cy="512.1524" help="内参"/>
            <RotMat r00="0.99999863" r01="-0.00038631272" r02="0.001576638" r10="0.00038262334" r11="0.99999714" r12="0.0023397196" r20="-0.0015775374" r21="-0.002339113" r22="0.99999607" help="left to corrected left rotate mat"/>
            <ProjMat p00="998.85864" p01="2.5608708e-007" p02="735.51917" p03="-79871.922" p10="1.6465775e-007" p11="998.85864" p12="512.1524" p13="-1.3166559e-005" p20="1.6162001e-010" p21="2.3684413e-010" p22="1" p23="-1.2923651e-008" help="left to corrected left project mat"/>
        </Right_correct>
        <Left2Right>
            <RotMat r00="0.99999774" r01="0.0019815466" r02="0.00073896698" r10="-0.001978067" r11="0.99998707" r12="-0.0046800752" r20="-0.00074823125" r21="0.0046786033" r22="0.99998879" help="左相机到右相机的旋转矩阵"/>
            <TVec t0="-79.963089" t1="0.030890808" t2="-0.126073" help="左相机到右相机的平移向量"/>
        </Left2Right>
        <RGB>
            <Intrins fx="980.99591" fy="981.04706" cx="732.17126" cy="557.26953" help="内参"/>
            <Distort k1="0.053724598" k2="-0.05894547" p1="-8.4856583e-005" p2="-0.00033493785" k3="-0.0033122867" help="畸变系数"/>
        </RGB>
        <RGB_correct>
            <Intrins fx="980.99591" fy="981.04706" cx="732.17126" cy="557.26953" help="内参"/>
        </RGB_correct>
        <Left_correct_2_RGB>
            <RotMat r00="0.99999231" r01="-0.0023069384" r02="-0.0031709014" r10="0.0023115557" r11="0.99999624" r12="0.0014532583" r20="0.003167537" r21="-0.0014605769" r22="0.99999392" help="左相机到右相机的旋转矩阵"/>
            <TVec t0="31.016033" t1="0.051244613" t2="0.24204338" help="左相机到右相机的平移向量"/>
        </Left_correct_2_RGB>
    </RGBD_2>
    <Time value="2024_0715_1836_02" help="标定文件生成的时间"/>
    <MatchCamSN value="00DA4015560" help="标定时所用的相机SN"/>
</RGBD_CALIB>
